0.109081029892
0.308397054672
0.214735984802
1.01333284378
0.413100004196
0.15603685379
0.55669593811
0.118005037308
0.314372062683
0.758076190948
0.53977394104
0.522943973541
1.9476211071
1.86421394348
0.197288990021
0.338075876236
0.314592838287
0.719444990158
0.942646980286
1.94180989265
2.08858299255
0.102284908295
1.2568089962
1.64637899399
0.106130123138
0.190652132034
0.104973077774
0.644315958023
1.52942013741
0.741641998291
2.97032904625
1.10416078568
0.969110012054
2.08416295052
1.58619093895
0.202168941498
0.330376148224
0.118077039719
0.775894165039
0.320970058441
0.107099056244
0.455056190491
0.785441875458
1.95372200012
0.996531963348
0.775516033173
0.114691019058
0.101500988007
0.334135055542
1.20726394653
0.626363039017
2.02995204926
0.439030885696
0.43979382515
0.837316989899
0.910734176636
0.527163028717
0.83660697937
0.102984905243
0.653976917267
0.112543106079
0.62541103363
0.434321880341
1.36657309532
0.228855848312
0.321187973022
0.121367931366
0.754796981812
0.444933891296
0.607026100159
0.630138874054
0.119473934174
0.213137865067
0.6329600811
0.455141067505
0.208513021469
1.05675911903
1.05689001083
0.236433029175
0.312798023224
0.540518045425
0.205345869064
0.109388113022
0.208320140839
0.217432022095
0.647954940796
0.117830991745
0.516044855118
0.111166954041
0.294761896133
0.208863973618
0.103168964386
0.102132081985
0.104762077332
0.207940101624
0.0949468612671
0.108192205429
0.151268005371
0.101361989975
0.523863792419
0.206081867218
0.125741958618
0.098338842392
0.19464802742
0.0987408161163
0.336717844009
0.102123022079
0.104562044144
0.102639198303
0.101821899414
0.120199918747
0.123303174973
0.198428869247
0.108792066574
0.338328123093
0.205294132233
0.11133313179
0.122706890106
0.103991031647
0.104398012161
0.206232786179
0.11693406105
0.100020170212
0.124466896057
0.0966250896454
0.103211164474
0.111396074295
0.104074001312
0.10719203949
0.305767059326
0.245498895645
0.205052852631
0.200824022293
0.100264072418
0.255316019058
0.382369995117
0.114841938019
0.100888967514
0.106909990311
0.240471124649
0.109008073807
0.0944719314575
0.254755020142
0.104553937912
0.232057094574
0.116740942001
0.12012887001
0.107146978378
0.227800130844
0.126754999161
0.115746974945
0.115444898605
0.120458126068
0.224263906479
0.231407165527
0.117151021957
0.218595981598
0.102255105972
0.384710073471
0.177536964417
0.110931873322
0.225884914398
0.210644960403
0.204962968826
0.109064102173
0.105531930923
0.108690977097
0.111037015915
0.34108710289
0.211915016174
0.110891103745
0.112725973129
0.115033149719
0.198702096939
0.244200944901
0.105950117111
0.214437961578
0.108742952347
0.112071037292
0.170414924622
0.244407892227
0.125453948975
0.116568088531
0.217622995377
0.109985113144
0.122724056244
0.211999177933
0.233960866928
0.128517150879
0.399946928024
0.216615915298
0.115535020828
0.453681945801
0.102416992188
0.344554901123
0.205953121185
0.443696022034
0.228673219681
0.111835956573
0.583734989166
5.11750912666
0.438637971878
0.340314865112
1.78662204742
0.577003002167
0.599599123001
0.11293888092
0.114953041077
0.229716062546
0.553731918335
0.210680007935
0.230239868164
0.104353904724
0.232558965683
0.217150211334
0.324856996536
0.135293006897
0.583764076233
0.108062028885
0.12201499939
0.240374803543
0.212574005127
0.669209957123
0.343366861343
0.605054140091
0.765773057938
0.139845132828
0.934382915497
0.920943975449
0.679038047791
0.11202788353
